1000 1000 500
1 2
2 3
3 4
4 5
5 6
6 7
7 8
8 9
9 10
10 11
11 12
12 13
13 14
14 15
15 16
16 17
17 18
18 19
19 20
20 21
21 22
22 23
23 24
24 25
25 26
26 27
27 28
28 29
29 30
30 31
31 32
32 33
33 34
34 35
35 36
36 37
37 38
38 39
39 40
40 41
41 42
42 43
43 44
44 45
45 46
46 47
47 48
48 49
49 50
50 51
51 52
52 53
53 54
54 55
55 56
56 57
57 58
58 59
59 60
60 61
61 62
62 63
63 64
64 65
65 66
66 67
67 68
68 69
69 70
70 71
71 72
72 73
73 74
74 75
75 76
76 77
77 78
78 79
79 80
80 81
81 82
82 83
83 84
84 85
85 86
86 87
87 88
88 89
89 90
90 91
91 92
92 93
93 94
94 95
95 96
96 97
97 98
98 99
99 100
100 101
101 102
102 103
103 104
104 105
105 106
106 107
107 108
108 109
109 110
110 111
111 112
112 113
113 114
114 115
115 116
116 117
117 118
118 119
119 120
120 121
121 122
122 123
123 124
124 125
125 126
126 127
127 128
128 129
129 130
130 131
131 132
132 133
133 134
134 135
135 136
136 137
137 138
138 139
139 140
140 141
141 142
142 143
143 144
144 145
145 146
146 147
147 148
148 149
149 150
150 151
151 152
152 153
153 154
154 155
155 156
156 157
157 158
158 159
159 160
160 161
161 162
162 163
163 164
164 165
165 166
166 167
167 168
168 169
169 170
170 171
171 172
172 173
173 174
174 175
175 176
176 177
177 178
178 179
179 180
180 181
181 182
182 183
183 184
184 185
185 186
186 187
187 188
188 189
189 190
190 191
191 192
192 193
193 194
194 195
195 196
196 197
197 198
198 199
199 200
200 201
201 202
202 203
203 204
204 205
205 206
206 207
207 208
208 209
209 210
210 211
211 212
212 213
213 214
214 215
215 216
216 217
217 218
218 219
219 220
220 221
221 222
222 223
223 224
224 225
225 226
226 227
227 228
228 229
229 230
230 231
231 232
232 233
233 234
234 235
235 236
236 237
237 238
238 239
239 240
240 241
241 242
242 243
243 244
244 245
245 246
246 247
247 248
248 249
249 250
250 251
251 252
252 253
253 254
254 255
255 256
256 257
257 258
258 259
259 260
260 261
261 262
262 263
263 264
264 265
265 266
266 267
267 268
268 269
269 270
270 271
271 272
272 273
273 274
274 275
275 276
276 277
277 278
278 279
279 280
280 281
281 282
282 283
283 284
284 285
285 286
286 287
287 288
288 289
289 290
290 291
291 292
292 293
293 294
294 295
295 296
296 297
297 298
298 299
299 300
300 301
301 302
302 303
303 304
304 305
305 306
306 307
307 308
308 309
309 310
310 311
311 312
312 313
313 314
314 315
315 316
316 317
317 318
318 319
319 320
320 321
321 322
322 323
323 324
324 325
325 326
326 327
327 328
328 329
329 330
330 331
331 332
332 333
333 334
334 335
335 336
336 337
337 338
338 339
339 340
340 341
341 342
342 343
343 344
344 345
345 346
346 347
347 348
348 349
349 350
350 351
351 352
352 353
353 354
354 355
355 356
356 357
357 358
358 359
359 360
360 361
361 362
362 363
363 364
364 365
365 366
366 367
367 368
368 369
369 370
370 371
371 372
372 373
373 374
374 375
375 376
376 377
377 378
378 379
379 380
380 381
381 382
382 383
383 384
384 385
385 386
386 387
387 388
388 389
389 390
390 391
391 392
392 393
393 394
394 395
395 396
396 397
397 398
398 399
399 400
400 401
401 402
402 403
403 404
404 405
405 406
406 407
407 408
408 409
409 410
410 411
411 412
412 413
413 414
414 415
415 416
416 417
417 418
418 419
419 420
420 421
421 422
422 423
423 424
424 425
425 426
426 427
427 428
428 429
429 430
430 431
431 432
432 433
433 434
434 435
435 436
436 437
437 438
438 439
439 440
440 441
441 442
442 443
443 444
444 445
445 446
446 447
447 448
448 449
449 450
450 451
451 452
452 453
453 454
454 455
455 456
456 457
457 458
458 459
459 460
460 461
461 462
462 463
463 464
464 465
465 466
466 467
467 468
468 469
469 470
470 471
471 472
472 473
473 474
474 475
475 476
476 477
477 478
478 479
479 480
480 481
481 482
482 483
483 484
484 485
485 486
486 487
487 488
488 489
489 490
490 491
491 492
492 493
493 494
494 495
495 496
496 497
497 498
498 499
499 500
500 501
501 502
502 503
503 504
504 505
505 506
506 507
507 508
508 509
509 510
510 511
511 512
512 513
513 514
514 515
515 516
516 517
517 518
518 519
519 520
520 521
521 522
522 523
523 524
524 525
525 526
526 527
527 528
528 529
529 530
530 531
531 532
532 533
533 534
534 535
535 536
536 537
537 538
538 539
539 540
540 541
541 542
542 543
543 544
544 545
545 546
546 547
547 548
548 549
549 550
550 551
551 552
552 553
553 554
554 555
555 556
556 557
557 558
558 559
559 560
560 561
561 562
562 563
563 564
564 565
565 566
566 567
567 568
568 569
569 570
570 571
571 572
572 573
573 574
574 575
575 576
576 577
577 578
578 579
579 580
580 581
581 582
582 583
583 584
584 585
585 586
586 587
587 588
588 589
589 590
590 591
591 592
592 593
593 594
594 595
595 596
596 597
597 598
598 599
599 600
600 601
601 602
602 603
603 604
604 605
605 606
606 607
607 608
608 609
609 610
610 611
611 612
612 613
613 614
614 615
615 616
616 617
617 618
618 619
619 620
620 621
621 622
622 623
623 624
624 625
625 626
626 627
627 628
628 629
629 630
630 631
631 632
632 633
633 634
634 635
635 636
636 637
637 638
638 639
639 640
640 641
641 642
642 643
643 644
644 645
645 646
646 647
647 648
648 649
649 650
650 651
651 652
652 653
653 654
654 655
655 656
656 657
657 658
658 659
659 660
660 661
661 662
662 663
663 664
664 665
665 666
666 667
667 668
668 669
669 670
670 671
671 672
672 673
673 674
674 675
675 676
676 677
677 678
678 679
679 680
680 681
681 682
682 683
683 684
684 685
685 686
686 687
687 688
688 689
689 690
690 691
691 692
692 693
693 694
694 695
695 696
696 697
697 698
698 699
699 700
700 701
701 702
702 703
703 704
704 705
705 706
706 707
707 708
708 709
709 710
710 711
711 712
712 713
713 714
714 715
715 716
716 717
717 718
718 719
719 720
720 721
721 722
722 723
723 724
724 725
725 726
726 727
727 728
728 729
729 730
730 731
731 732
732 733
733 734
734 735
735 736
736 737
737 738
738 739
739 740
740 741
741 742
742 743
743 744
744 745
745 746
746 747
747 748
748 749
749 750
750 751
751 752
752 753
753 754
754 755
755 756
756 757
757 758
758 759
759 760
760 761
761 762
762 763
763 764
764 765
765 766
766 767
767 768
768 769
769 770
770 771
771 772
772 773
773 774
774 775
775 776
776 777
777 778
778 779
779 780
780 781
781 782
782 783
783 784
784 785
785 786
786 787
787 788
788 789
789 790
790 791
791 792
792 793
793 794
794 795
795 796
796 797
797 798
798 799
799 800
800 801
801 802
802 803
803 804
804 805
805 806
806 807
807 808
808 809
809 810
810 811
811 812
812 813
813 814
814 815
815 816
816 817
817 818
818 819
819 820
820 821
821 822
822 823
823 824
824 825
825 826
826 827
827 828
828 829
829 830
830 831
831 832
832 833
833 834
834 835
835 836
836 837
837 838
838 839
839 840
840 841
841 842
842 843
843 844
844 845
845 846
846 847
847 848
848 849
849 850
850 851
851 852
852 853
853 854
854 855
855 856
856 857
857 858
858 859
859 860
860 861
861 862
862 863
863 864
864 865
865 866
866 867
867 868
868 869
869 870
870 871
871 872
872 873
873 874
874 875
875 876
876 877
877 878
878 879
879 880
880 881
881 882
882 883
883 884
884 885
885 886
886 887
887 888
888 889
889 890
890 891
891 892
892 893
893 894
894 895
895 896
896 897
897 898
898 899
899 900
900 901
901 902
902 903
903 904
904 905
905 906
906 907
907 908
908 909
909 910
910 911
911 912
912 913
913 914
914 915
915 916
916 917
917 918
918 919
919 920
920 921
921 922
922 923
923 924
924 925
925 926
926 927
927 928
928 929
929 930
930 931
931 932
932 933
933 934
934 935
935 936
936 937
937 938
938 939
939 940
940 941
941 942
942 943
943 944
944 945
945 946
946 947
947 948
948 949
949 950
950 951
951 952
952 953
953 954
954 955
955 956
956 957
957 958
958 959
959 960
960 961
961 962
962 963
963 964
964 965
965 966
966 967
967 968
968 969
969 970
970 971
971 972
972 973
973 974
974 975
975 976
976 977
977 978
978 979
979 980
980 981
981 982
982 983
983 984
984 985
985 986
986 987
987 988
988 989
989 990
990 991
991 992
992 993
993 994
994 995
995 996
996 997
997 998
998 999
999 1000
U 916 681692778 846930887
U 493 719885387 424238336
U 28 25202363 189641422
Q 60 764
Q 427 173
U 430 294702568 521595369
Q 531 531
U 803 101513930 468703136
Q 59 59
U 43 628175012 89018457
U 920 859484422 653377374
Q 538 199
U 527 129566414 38664371
U 874 911759957 424268981
Q 171 171
U 328 937477085 84420926
Q 506 506
U 896 141616125 433925858
Q 546 546
Q 365 44
U 179 945117277 356426809
Q 585 585
Q 400 933
Q 369 740
Q 587 587
U 379 40651435 463480571
U 903 376710098 892066602
U 757 687926653 603570493
U 442 402724287 485560281
U 620 364228445 894429690
Q 730 730
U 676 469834482 7905772
U 857 631704568 791698928
U 966 327254587 524872354
Q 684 220
Q 872 872
U 369 713258271 515530020
Q 716 716
Q 724 724
Q 452 452
U 229 111537765 622597489
U 501 911165194 438792351
Q 765 125
U 492 275373744 982275857
U 937 960709860 841148366
Q 552 438
U 122 139901475 213975408
Q 396 396
U 429 76065819 350573794
U 530 875335929 987231012
Q 405 405
U 841 352118607 67854539
Q 819 129
U 997 504569918 492067918
Q 744 744
Q 500 500
Q 591 591
Q 787 670
Q 465 465
U 612 789376349 285228805
Q 829 829
Q 569 341
U 802 447267606 494613811
U 306 308044879 396473731
Q 737 445
Q 466 709
Q 259 259
Q 625 601
Q 900 380
Q 72 72
U 895 776808934 7684931
Q 164 164
U 774 260152960 501252997
U 96 25187191 662739669
Q 467 85
Q 685 377
Q 108 446
U 413 995706888 57418419
Q 173 173
Q 211 211
Q 302 714
U 600 296864820 260401256
U 812 950955940 1229905
Q 668 706
U 659 307565985 414829151
Q 225 225
Q 82 631
Q 973 673
U 300 46741223 635905386
Q 43 43
Q 191 525
U 337 566288820 700108582
Q 156 995
U 777 682085274 11614770
Q 256 861
U 206 118421994 964445885
U 614 857962505 17679568
U 260 648031327 822262755
Q 203 203
Q 22 843
Q 190 873
Q 499 37
U 334 309383304 364686249
U 755 501772891 280321649
U 530 983690369 212251747
Q 47 47
U 34 739273304 886086991
U 893 552910254 78012498
Q 126 153
U 730 235649158 315209189
Q 461 461
Q 305 305
Q 749 557
Q 698 698
U 404 186090429 395132003
Q 682 648
U 135 144522536 12895152
U 128 113502216 380171693
Q 630 50
U 336 136495344 70636430
U 972 503885239 329202901
U 989 655495368 12260290
Q 796 744
U 341 402961683 887658391
U 233 337453827 400000570
U 118 941690361 450956043
U 310 866000082 516266762
Q 426 426
U 627 61730691 4504235
Q 58 615
U 387 9726313 137390359
Q 347 727
Q 553 553
Q 291 648
U 594 885799632 426819081
U 887 156541313 386418628
Q 356 513
Q 480 480
U 642 748806356 104152275
Q 434 988
Q 567 771
Q 418 607
U 60 126107206 137100238
U 784 478034946 282648519
U 638 584710874 983228459
U 479 45826608 826620484
U 730 716334472 647149315
Q 460 619
U 234 394633075 77211389
U 359 943003494 645933682
Q 700 700
U 795 336092623 190668364
U 463 404196432 773319848
Q 391 391
U 158 388391522 427355116
Q 492 492
U 741 40610538 521035022
Q 31 31
U 3 371653517 4187517
U 405 372261797 707746140
Q 581 581
Q 863 863
U 905 859031537 262692686
Q 484 484
U 912 344593500 435889745
U 561 33505237 488663951
Q 106 106
Q 712 806
U 615 937558956 66077376
U 919 215828994 959343769
U 983 747844823 927376883
U 575 76593094 143124031
Q 594 594
U 714 733327815 388803075
U 776 500474763 725138378
Q 920 711
Q 18 18
U 944 524305154 337745692
U 292 910300926 124666329
Q 19 218
U 859 255387091 362575056
Q 905 905
U 74 567304790 483689686
Q 852 806
Q 504 486
U 121 952062950 385414640
U 678 460686764 714880227
Q 982 866
Q 956 771
U 197 537322533 821066343
U 985 910858271 104627322
Q 428 235
U 831 94307399 772970073
U 31 628966951 46370348
U 523 3886060 89653715
U 436 982945083 38626925
Q 205 205
Q 487 641
U 684 669679263 626250263
U 325 597141724 581539849
Q 123 123
U 748 738909366 513937458
U 219 372160270 595311777
U 934 106914654 207621704
U 807 980356729 487053960
U 309 289547085 695748721
Q 699 992
Q 716 716
U 11 670752507 135771560
Q 225 225
Q 379 379
U 990 11671339 931489115
Q 68 68
U 123 954696533 470332232
U 180 131884851 101323876
Q 255 255
U 182 158381495 503967858
U 434 979015721 240554604
Q 182 182
Q 826 405
Q 552 298
Q 182 182
U 1000 623380596 63299709
Q 298 484
Q 978 978
Q 383 22
U 212 428903683 580508861
U 931 476564286 33669087
Q 584 315
Q 821 821
Q 840 526
Q 361 361
U 622 610506583 663080929
Q 956 956
U 854 390543438 813274571
Q 723 784
U 127 856363828 610009098
U 150 287726652 584522072
Q 529 640
Q 611 611
Q 977 200
U 100 43388778 31126088
U 18 629580953 286448567
U 299 620089369 934392736
Q 196 196
Q 429 955
Q 594 594
U 446 916250775 779289673
Q 326 326
Q 128 128
U 335 539942440 375179335
U 958 576994986 12548160
Q 762 763
U 851 104561853 750167717
Q 483 483
Q 174 16
U 264 942724791 771476365
U 538 829570038 688323173
U 281 289360872 222028829
U 342 342146591 866355857
Q 353 353
U 84 58907362 83149518
U 507 928189301 113974113
Q 668 668
Q 155 155
U 539 292413413 987706142
U 957 724916171 434290637
Q 761 650
U 887 968922327 998994315
U 536 411826970 880346040
Q 622 394
U 674 404259632 10150110
Q 736 736
U 199 872666834 752704314
U 794 56665156 450099356
Q 157 157
U 359 213213172 987323287
U 182 399493246 625040141
U 51 499150324 14933991
Q 955 76
Q 625 625
U 239 333293470 176225845
U 20 972125384 242474977
U 957 840019305 990526344
U 12 373953667 53232476
U 730 970090193 773446913
Q 869 132
Q 208 719
U 473 116945488 489692378
U 126 554725063 450238958
U 419 698312497 379366798
U 475 522971727 390848154
Q 394 486
U 560 28264030 278450031
Q 161 563
U 903 926411642 163384281
Q 481 481
U 724 21303709 995234141
Q 558 558
Q 221 906
U 271 86963639 105629392
U 672 715207830 115227668
Q 744 744
Q 89 155
U 711 237979970 695258233
U 664 984498434 111800031
U 650 514620095 298167280
U 465 759007340 16922352
Q 331 331
U 882 195950187 987519916
U 388 67874134 415675635
Q 288 288
U 245 549495355 692786743
Q 140 140
Q 354 354
U 800 835342734 304505405
Q 820 820
U 451 100670 245240854
U 563 573556838 67974803
U 961 531585206 28363611
Q 912 912
U 822 424321893 5418817
Q 606 606
U 448 256273379 217161529
Q 46 46
U 387 310242590 651675552
U 795 286966949 883799427
Q 507 108
U 821 569115922 750679665
Q 167 995
U 485 730832934 16408438
U 18 219933932 987106313
U 609 240959157 724025166
U 423 907712996 551201746
U 560 763148570 47196296
U 572 538026653 839425677
Q 926 744
U 567 510906528 144874090
Q 813 51
Q 334 214
U 569 775056795 604263371
U 640 389079343 535286142
U 591 642663199 4744264
U 632 181226514 33206203
Q 258 258
Q 684 684
U 973 245036422 541417541
Q 635 635
Q 953 646
Q 340 340
U 543 707255826 158747662
Q 340 175
Q 331 268
U 861 3980520 518260758
Q 293 833
U 636 185963954 25251991
U 742 848096108 18041599
U 541 281944977 364180571
Q 802 84
Q 610 497
U 305 316505736 850612764
U 524 142930165 173002607
U 531 928682752 64564350
U 987 316953166 114646705
Q 626 626
U 132 99568485 266222408
U 54 29621932 44804920
Q 428 428
U 769 704841124 464837582
U 439 102524644 700287640
Q 395 321
Q 487 19
U 11 60494696 242754099
U 67 337856143 160063180
Q 426 473
U 749 10764798 603386967
U 87 570840517 568122273
Q 160 878
U 4 592962933 482841198
U 499 686518108 703955952
U 907 33713862 599529155
Q 4 326
Q 798 798
U 15 457880382 84546561
U 98 20432101 28720898
Q 330 330
U 915 814634317 104852635
U 987 649022766 353668776
Q 627 893
U 410 234799753 546389570
Q 516 516
Q 777 777
Q 301 63
U 509 212295101 888830764
U 983 989230776 26929417
Q 541 321
Q 566 566
Q 547 547
Q 304 687
Q 535 808
Q 870 870
Q 697 325
U 362 468519717 831099452
U 862 460654188 731563038
Q 982 361
U 294 256363942 6938621
Q 629 136
Q 943 871
U 501 49197812 631207467
U 333 382926235 891066488
Q 951 951
U 294 391927495 11662881
U 445 245466383 967632855
U 752 409098739 501830324
U 466 10014812 821115874
Q 682 682
U 15 253674536 224048978
Q 770 770
Q 392 392
U 837 680007058 683309588
U 621 94613282 925473440
Q 372 372
Q 535 884
U 68 353825801 917104698
Q 336 434
U 530 503615950 566112133
U 148 65785293 942481691
U 423 989492336 745792350
Q 969 969
U 937 634172026 262486767
U 221 992277053 81458261
U 984 374631288 198619205
Q 722 722
U 729 192433879 309667128
U 799 466647228 258219171
Q 564 222
U 224 183912268 729568617
Q 293 293
U 863 204428609 705632564
Q 896 199
Q 377 377
U 674 455371255 510574888
U 930 251243824 922018482
Q 45 943
Q 210 210
Q 367 367
U 402 215341974 366831743
Q 172 414
U 756 346941485 628414423
U 72 296528781 654829091
U 321 238138001 547772604
Q 943 953
Q 808 760
U 159 758179118 19382895
Q 91 561
Q 974 974
Q 422 422
U 787 421101833 478705401
Q 834 459
U 632 709606369 189914411
U 447 39848342 566586129
Q 459 606
U 868 861838990 488873166
Q 927 733
U 563 597272001 701943706
U 462 820042349 18373833
U 498 7426170 21449808
U 140 179529129 717032539
Q 471 586
Q 543 543
U 551 459834401 113675744
U 721 122466789 979601486
Q 141 141
U 695 626870462 908681984
Q 631 631
Q 321 555
Q 493 931
Q 686 309
Q 709 645
U 88 470796523 349121785
U 603 825051736 559436158
Q 549 297
Q 841 841
Q 957 590
Q 873 429
U 338 957426577 145376089
U 695 767125140 331565221
U 283 428674783 90438015
U 16 524135237 106242870
U 300 631340354 419481885
Q 755 351
Q 293 243
Q 24 24
U 261 861746411 270617570
Q 903 903
Q 90 90
Q 18 18
U 979 976714675 233614512
U 977 504038567 878777378
U 834 75259135 413892162
Q 128 128
U 840 906889261 777483317
Q 568 987
Q 768 278
Q 436 436
Q 720 368
Q 935 935
U 632 559473951 277278675
Q 209 209
U 448 291079691 229999243
U 170 752327935 540232677
U 932 760481136 214790564
U 298 344541321 40776181
Q 689 862
Q 402 402
Q 417 53
U 503 423401434 112043683
U 791 304352950 714481124
U 947 120630961 909197236
U 503 639286230 733628448
Q 550 800
U 564 358279877 229939014
Q 991 985
U 385 654435777 595747037
U 701 63641239 77837210
Q 540 540
U 927 943679782 741160451
Q 363 429
Q 580 580
Q 635 635
U 737 219976258 61204106
Q 35 35
U 633 677157266 723705711
U 377 54181468 150203108
Q 602 303
U 228 172895039 247412083
Q 797 434
Q 555 555
U 802 401473496 753779928
U 261 877062719 61537968
U 632 440106893 406736336
U 354 360933008 346804713
U 629 372004514 246101663
Q 552 857
U 482 216803070 875470642
U 855 750547890 603123091
U 683 217196009 4537737
Q 727 727
Q 188 188
U 565 211270211 351777725
Q 724 194
Q 402 402
Q 367 367
Q 48 796
Q 804 861
Q 156 574
U 947 981512506 831545291
Q 68 864
Q 409 291
U 556 39199094 573715236
U 411 128349145 502386252
U 436 217985589 681928292
U 682 923775276 81029449
Q 201 201
Q 835 950
U 44 675644665 742949165
Q 956 956
Q 257 641
U 511 68728259 541279137
Q 847 847
Q 925 557
U 320 691643254 87479886
U 325 401943881 227833556
U 645 32684368 930104897
U 747 349029730 96198531
Q 371 371
Q 853 509
Q 806 514
Q 422 422
Q 201 201
U 180 139842054 21424759
U 211 53476176 25042773
Q 905 309
Q 903 903
Q 947 124
U 834 202029502 901540638
Q 449 449
Q 272 151
U 389 622838288 902411557
Q 463 463
Q 260 260
Q 862 183
U 912 70298130 115206658
Q 631 631
Q 138 127
Q 629 629
Q 826 826
U 359 924200849 421449834
Q 624 56
U 645 108537284 655154590
Q 413 413
Q 301 951
U 550 507946551 447053429
Q 738 738
Q 925 459
U 555 639138265 682900659
U 119 78359217 25753320
Q 500 764
U 306 943410400 97951319
Q 702 702
U 187 76810013 82735329
U 684 930334780 442357056
U 90 988180238 689034590
U 881 822514996 479834854
Q 212 1000
U 327 47830644 26201115
Q 43 43
Q 762 762
U 211 815320764 481907232
Q 895 895
U 83 545343059 469543484
U 214 122125316 367858054
U 681 51527999 872285315
Q 642 7
U 132 190833024 48017639
Q 243 243
U 464 187797757 35317825
U 907 845394081 669161003
U 175 137386990 243253492
Q 657 657
Q 739 842
U 767 168021019 13966849
Q 43 251
Q 960 960
U 207 444788925 161922597
Q 357 357
U 745 615419963 708403455
Q 703 258
Q 452 452
U 490 281845290 265632905
Q 540 785
Q 273 44
Q 320 193
Q 658 658
U 926 697496620 42028216
U 710 218942710 131953878
Q 596 596
Q 523 821
U 265 638462030 364234957
Q 425 251
Q 795 619
Q 873 873
U 710 32363194 987059620
Q 255 771
Q 356 860
U 643 61755149 776624032
Q 178 907
Q 509 370
U 108 929452471 218200988
U 4 903633727 219015470
Q 272 65
Q 187 817
U 123 167793079 969069028
U 400 280931766 229548227
Q 24 968
Q 689 689
Q 231 231
U 493 871328243 819599373
Q 307 781
U 387 665676899 197477950
Q 977 977
Q 627 139
U 182 840735669 64317459
Q 429 721
Q 15 415
U 736 436359555 646824657
U 161 596769258 714330335
U 965 952617547 114962508
U 38 400660704 76334056
U 684 561783349 757001843
Q 369 217
U 160 740033622 763187938
U 43 324323222 368046388
U 711 753744778 760682776
Q 387 387
U 729 875242062 631418418
Q 118 767
U 260 602297894 397208467
Q 110 110
Q 31 496
U 814 22800097 101457717
Q 875 524
Q 395 404
U 340 269026235 861798818
Q 353 353
Q 443 443
Q 914 693
Q 188 188
Q 102 527
U 940 135693055 44082051
Q 810 810
Q 681 3
Q 553 553
Q 662 561
U 872 806517554 712786253
Q 558 585
Q 112 112
U 662 785252278 8293555
U 343 524581325 263707075
Q 327 327
Q 765 765
U 705 297510828 576724903
Q 381 576
Q 161 995
U 489 582513991 226351143
Q 620 150
U 449 184812755 32321826
U 383 653265588 831220361
Q 930 960
U 338 267733607 794123787
U 810 720936637 375487535
Q 631 631
U 174 92503158 361261452
Q 659 586
U 987 560711565 495749340
Q 504 369
Q 328 328
Q 38 38
U 618 487191795 692842293
U 401 547449639 265939256
U 778 571865574 492469148
U 993 126794894 882802160
Q 458 979
Q 348 432
Q 862 712
Q 369 369
Q 272 272
U 587 542106688 991742781
U 437 22337364 966488614
Q 610 429
Q 760 760
Q 661 772
U 125 12707330 59789836
U 216 677654946 445968159
Q 89 89
Q 543 248
U 632 584892937 241258963
U 639 460552959 149677718
Q 188 18
U 73 164585771 213877141
U 883 336189197 29809452
Q 495 99
Q 954 54
U 356 109967655 613932653
Q 592 987
Q 945 529
U 35 858983423 962928546
U 366 369705108 876085545
Q 656 248
U 84 76387351 872358698
Q 404 239
U 22 889575206 182595893
U 496 596170912 937495192
Q 440 440
Q 758 359
Q 466 92
Q 691 609
Q 959 58
U 769 782806241 614718296
Q 798 798
U 830 659347224 842493054
Q 559 559
Q 511 260
U 801 1769973 238504351
Q 581 775
Q 832 832
U 20 424627020 417126764
U 255 608427747 523465513
U 763 722844084 267774970
Q 588 296
Q 555 555
Q 139 930
Q 56 430
U 719 979629508 80779601
U 629 727856738 256772879
Q 836 883
U 686 96079423 829774318
U 708 84040882 219147070
U 880 753732837 665228400
U 608 743131528 550692119
U 413 103816216 42106957
Q 75 131
Q 220 957
U 213 529235707 430235840
Q 129 129
U 173 401808473 680326131
U 419 53514404 8057662
U 657 541787378 649162284
U 853 18462070 498119945
Q 552 829
U 531 862372073 725868785
U 485 23637095 391607780
U 810 273207250 767405992
U 3 807444982 527532075
U 867 92059773 713475738
Q 502 502
U 168 130644816 146220944
U 323 307964194 680691644
Q 618 618
Q 299 592
U 763 702833818 367085194
U 355 644730117 362795151
U 260 82095573 589306241
U 539 50365224 209854447
Q 39 39
Q 251 264
U 617 93508922 179339468
U 407 622993625 187386866
Q 442 442
U 832 731812680 452947989
Q 252 252
U 792 883109860 959200314
Q 917 733
Q 996 996
Q 474 474
Q 978 338
Q 858 74
U 426 487223194 401542105
U 406 554841747 248574636
U 654 29116549 437951606
U 40 54930040 86635282
Q 592 592
Q 131 131
Q 361 152
U 416 357984241 507906578
U 390 302905193 845207434
U 371 921661147 857746940
Q 695 24
U 605 94097162 262021415
U 422 640272696 18376939
U 178 681195177 298965070
U 1000 117661056 371888681
U 939 280982767 475645297
U 503 619175680 583887959
U 147 126257225 540836826
Q 248 248
U 19 539847452 747040078
Q 499 499
Q 617 617
Q 22 22
U 752 378342197 266218467
U 27 13825606 997517876
U 926 439140173 140082831
U 444 116545773 92083089
Q 577 462
Q 902 324
Q 290 697
Q 397 425
U 641 827524436 69157621
U 901 951788019 693866393
Q 544 826
U 502 228698448 14126951
Q 909 388
Q 63 652
U 367 259322903 496216348
U 959 667748051 950138327
Q 838 951
U 805 953583399 789065970
Q 577 577
Q 256 350
U 678 568008765 142010737
U 855 666992710 915804416
Q 613 221
Q 271 271
U 690 96819440 318984472
Q 190 494
U 348 66148152 363316654
Q 853 853
U 93 553746102 543326573
U 455 255349947 73255163
Q 520 520
U 250 886872711 804817185
U 448 345705291 836208502
Q 784 104
Q 608 212
U 753 856196472 55519020
U 931 443286197 262458925
U 566 339193737 698636144
Q 753 753
U 297 840536405 213280397
U 293 85357097 186241695
U 618 396926157 15319200
Q 368 666
Q 138 138
U 501 41984909 23334272
Q 997 67
U 39 460467936 529531401
U 47 69142335 301004341
Q 431 691
Q 847 186
Q 852 815
Q 242 242
Q 191 255
Q 673 673
Q 698 698
U 777 741957621 100731661
Q 311 993
U 76 573912270 231097530
Q 84 28
Q 310 475
U 39 981725171 107713081
Q 933 326
Q 652 652
U 458 609372148 568388371
Q 492 492
U 754 818128617 426451504
Q 997 997
U 158 423887804 459541653
Q 327 196
Q 521 13
U 539 416162965 202969763
Q 464 464
U 329 904930059 976012583
U 376 576556434 575575028
U 329 751148991 139993260
U 996 65542486 27553147
Q 33 832
U 429 512056676 895610197
Q 640 640
Q 668 668
U 39 551672442 257620371
U 421 445546414 128228876
Q 757 102
Q 939 746
U 229 427231457 111166930
U 436 943471009 939288132
Q 680 680
Q 191 191
U 311 522359338 621734133
U 494 849399084 967905752
U 410 443491244 549387537
Q 990 990
Q 592 592
U 198 963920831 351205739
U 117 626717775 349281414
U 869 30245416 696779466
U 957 354321180 552604754
Q 615 615
Q 398 477
Q 612 127
Q 856 856
U 12 9771476 650076586
Q 602 128
Q 543 543
U 504 130324324 818982354
U 470 849394219 627051478
Q 695 447
U 861 75699973 340573925
U 726 384724138 761855728
Q 965 965
Q 216 322
U 758 983650353 667674496
U 521 981064261 966491028
Q 832 991
U 184 113953047 359202789
Q 371 371
U 467 952768217 970403533
U 64 889829482 613950305
U 982 580268400 945359155
U 203 293460091 563918752
U 988 724148076 127040703
U 412 694830071 124416066
U 918 346780947 661299469
U 993 718152761 79943990
U 371 838549459 523437330
U 858 926228786 580895292
U 800 835022191 359013538
Q 281 281
Q 429 760
U 51 7047984 534706182
U 193 427204320 353828930
Q 81 81
U 395 161948867 213132348
U 789 427107604 940694004
Q 794 794
U 113 233530953 371195942
U 568 974255333 73407064
Q 316 970
Q 290 791
U 131 663091010 635725328
U 667 648440877 825039876
U 772 520716455 75548481
U 404 845630305 390352043
U 57 489523516 79161258
Q 848 848
Q 946 164
Q 954 954
U 309 392665790 769759634
U 93 215992975 893623018
U 476 836040216 736709429