1000
2 3
4 -1
5 6
-1 -1
-1 -1
-1 7
8 9
10 11
-1 12
13 14
-1 15
16 -1
17 -1
18 -1
-1 19
20 21
22 23
-1 -1
24 -1
-1 -1
25 26
27 -1
28 -1
-1 -1
29 -1
30 31
-1 -1
-1 -1
-1 -1
-1 32
33 34
35 -1
-1 36
37 38
39 -1
-1 40
-1 41
42 43
44 45
46 -1
47 -1
48 49
-1 -1
-1 50
51 52
53 54
55 56
57 -1
-1 -1
-1 58
59 -1
60 -1
-1 61
62 63
-1 64
65 66
67 68
-1 69
-1 70
-1 -1
71 -1
-1 72
-1 73
-1 74
75 76
-1 -1
77 78
79 80
-1 -1
-1 81
82 -1
-1 83
84 -1
85 86
-1 -1
-1 87
88 -1
-1 -1
89 -1
-1 -1
-1 -1
-1 90
-1 -1
-1 91
92 -1
-1 -1
93 -1
94 95
96 -1
97 -1
-1 -1
-1 -1
-1 98
-1 99
100 -1
-1 -1
101 102
103 -1
104 -1
105 106
-1 -1
107 -1
108 109
-1 110
111 112
-1 113
114 115
116 -1
-1 -1
-1 117
118 119
120 121
-1 -1
122 -1
-1 123
124 -1
-1 125
-1 126
127 -1
-1 128
129 -1
-1 -1
130 131
-1 -1
-1 -1
132 -1
133 134
135 -1
-1 136
137 138
139 140
-1 -1
141 -1
-1 -1
-1 142
-1 -1
-1 143
144 145
146 -1
-1 -1
147 -1
148 149
150 -1
151 -1
-1 152
153 -1
-1 154
155 156
157 -1
-1 158
-1 159
-1 160
161 162
-1 163
-1 164
-1 -1
-1 -1
-1 165
-1 166
-1 -1
167 168
169 170
171 -1
172 173
174 -1
175 176
177 -1
-1 -1
178 179
-1 180
181 182
183 184
185 -1
186 187
-1 -1
188 -1
189 -1
190 -1
-1 191
-1 -1
192 -1
193 -1
-1 -1
194 195
-1 196
-1 -1
197 198
199 -1
200 201
202 -1
-1 -1
-1 203
204 205
206 -1
207 -1
208 209
210 -1
211 212
-1 213
-1 214
215 216
-1 -1
-1 -1
217 -1
218 -1
-1 219
-1 -1
220 -1
-1 -1
-1 -1
-1 221
222 223
-1 -1
-1 -1
224 225
226 227
228 229
230 231
232 -1
-1 -1
233 234
235 236
237 238
-1 -1
239 240
-1 241
242 -1
-1 243
244 -1
245 246
247 -1
248 -1
-1 -1
-1 249
-1 -1
-1 250
-1 -1
251 252
253 254
255 -1
256 -1
257 -1
258 259
-1 -1
-1 260
261 262
263 -1
264 265
266 -1
267 268
269 270
-1 271
272 273
-1 274
275 276
277 278
279 -1
-1 280
-1 281
-1 -1
282 -1
-1 -1
-1 283
-1 -1
284 285
286 287
288 -1
-1 289
-1 -1
290 -1
-1 291
292 -1
-1 -1
-1 -1
-1 293
294 295
296 297
298 -1
299 300
301 302
-1 303
304 305
-1 -1
-1 306
307 308
-1 309
310 -1
-1 311
312 313
-1 314
315 316
-1 -1
317 318
319 -1
-1 320
-1 -1
321 322
323 324
325 326
327 -1
-1 328
-1 -1
329 330
-1 -1
331 -1
-1 332
333 334
-1 -1
-1 335
336 -1
337 -1
338 339
-1 340
341 -1
342 -1
-1 343
344 345
346 347
348 -1
349 -1
-1 350
351 352
-1 -1
-1 -1
353 -1
-1 354
355 -1
-1 -1
-1 -1
356 -1
357 -1
-1 358
-1 359
360 -1
-1 -1
-1 361
362 363
-1 -1
-1 364
365 366
-1 367
368 369
370 -1
-1 371
372 -1
373 374
-1 375
376 -1
-1 377
378 379
380 381
-1 382
383 -1
384 -1
-1 -1
-1 -1
385 -1
386 387
388 -1
389 390
-1 391
-1 392
393 394
-1 -1
-1 395
396 397
398 399
-1 400
-1 -1
401 -1
402 -1
-1 -1
-1 403
404 -1
405 -1
406 -1
-1 -1
-1 407
408 409
-1 -1
-1 410
411 412
-1 413
-1 -1
414 415
-1 416
-1 417
418 419
420 421
-1 422
423 424
425 426
427 428
429 -1
430 431
-1 -1
-1 -1
-1 432
433 434
-1 -1
-1 435
-1 -1
436 -1
437 438
439 440
441 -1
442 -1
-1 443
444 -1
-1 445
446 447
448 -1
449 450
451 -1
-1 452
-1 453
454 455
-1 -1
-1 456
-1 457
458 -1
-1 -1
459 -1
-1 -1
-1 460
461 462
-1 -1
463 464
465 -1
-1 -1
-1 -1
-1 466
-1 -1
-1 -1
-1 467
-1 -1
-1 -1
-1 468
469 -1
470 -1
-1 471
-1 -1
-1 472
473 474
-1 475
476 477
478 -1
-1 479
-1 -1
480 -1
481 -1
482 -1
-1 483
-1 -1
484 -1
-1 485
-1 486
487 -1
488 -1
489 490
-1 -1
491 492
493 -1
-1 494
-1 -1
495 496
497 -1
498 499
500 -1
501 502
-1 503
-1 -1
504 505
506 -1
507 508
-1 -1
509 510
-1 -1
511 -1
-1 -1
512 -1
-1 -1
513 -1
514 -1
515 -1
516 -1
-1 517
-1 518
-1 519
-1 520
-1 521
522 -1
-1 -1
523 -1
-1 524
-1 525
-1 -1
526 -1
527 528
529 -1
530 -1
-1 531
532 -1
-1 -1
-1 533
534 -1
535 -1
-1 -1
536 537
-1 538
539 -1
-1 -1
-1 540
-1 541
542 -1
-1 -1
-1 543
-1 -1
544 545
-1 -1
-1 -1
546 -1
-1 547
548 -1
549 550
-1 551
552 553
-1 554
-1 555
556 -1
557 -1
558 -1
559 -1
560 -1
561 562
563 564
-1 565
566 -1
567 568
-1 -1
569 570
571 -1
572 -1
573 -1
-1 574
575 -1
-1 -1
-1 576
-1 -1
577 578
-1 -1
579 580
581 -1
582 -1
-1 -1
-1 -1
-1 583
-1 584
585 -1
586 587
-1 -1
588 -1
589 -1
590 591
-1 592
-1 593
594 -1
-1 595
-1 596
597 598
-1 599
-1 -1
-1 600
601 -1
602 -1
603 -1
604 -1
-1 -1
-1 -1
-1 -1
-1 605
606 -1
-1 -1
607 608
609 -1
-1 610
-1 611
-1 -1
612 -1
613 614
-1 -1
615 -1
-1 616
617 -1
-1 618
619 620
621 622
-1 -1
-1 623
624 -1
-1 625
-1 -1
626 -1
627 628
629 630
631 632
633 -1
634 -1
635 636
637 -1
-1 -1
-1 638
639 640
641 -1
642 643
-1 644
645 -1
646 -1
-1 647
-1 -1
648 649
650 651
-1 652
-1 -1
-1 653
654 -1
-1 655
656 657
658 659
-1 -1
-1 -1
-1 660
-1 661
662 -1
663 -1
664 -1
-1 -1
665 666
667 -1
668 -1
-1 669
-1 670
671 -1
672 673
674 675
676 677
678 -1
-1 -1
-1 -1
679 -1
-1 -1
680 -1
-1 681
682 683
684 685
-1 -1
686 687
688 -1
-1 689
690 691
-1 692
693 -1
694 695
-1 696
697 -1
698 699
-1 700
701 702
703 704
-1 -1
705 -1
706 -1
-1 707
708 -1
-1 -1
709 710
711 712
-1 -1
713 -1
714 715
-1 716
-1 717
-1 -1
718 -1
-1 719
-1 -1
720 721
-1 -1
-1 722
723 724
-1 725
-1 -1
-1 726
727 728
-1 -1
-1 729
-1 -1
-1 -1
730 -1
731 -1
-1 -1
732 -1
-1 733
734 735
-1 -1
736 -1
737 -1
738 -1
739 -1
740 -1
-1 741
742 -1
-1 743
744 -1
-1 745
746 -1
-1 747
-1 -1
-1 748
-1 -1
749 750
-1 -1
-1 -1
-1 751
752 -1
753 754
-1 -1
-1 755
-1 -1
-1 756
-1 -1
-1 757
-1 -1
758 759
760 -1
761 -1
762 -1
-1 763
764 765
-1 766
-1 -1
767 -1
-1 768
-1 769
-1 -1
-1 770
-1 771
772 -1
-1 -1
-1 773
774 -1
-1 775
776 777
-1 778
779 -1
780 781
-1 -1
-1 782
783 784
-1 785
786 787
788 789
-1 790
791 792
793 -1
794 -1
795 -1
-1 796
797 798
-1 799
-1 800
-1 801
802 803
-1 804
805 -1
806 -1
807 -1
808 -1
809 -1
-1 810
811 -1
812 813
814 -1
-1 -1
815 816
817 818
819 820
821 -1
-1 822
-1 -1
823 824
-1 825
-1 826
-1 827
-1 828
829 830
831 832
-1 -1
-1 -1
-1 -1
-1 833
-1 -1
-1 -1
834 835
836 -1
-1 -1
-1 -1
-1 -1
-1 -1
-1 837
-1 838
-1 -1
-1 839
840 -1
841 842
-1 -1
-1 843
844 -1
-1 -1
845 -1
-1 -1
846 847
848 -1
849 -1
850 851
-1 852
-1 -1
853 -1
-1 -1
-1 854
-1 -1
855 856
857 -1
858 -1
859 860
861 862
-1 863
-1 -1
864 865
-1 866
867 -1
868 -1
-1 869
-1 -1
-1 870
-1 871
872 -1
-1 -1
-1 873
-1 874
875 876
-1 877
878 879
-1 880
881 -1
882 -1
883 -1
-1 -1
-1 884
885 -1
886 -1
-1 -1
-1 887
888 889
-1 890
891 892
893 -1
894 895
-1 896
-1 897
-1 898
899 -1
900 -1
901 -1
902 903
-1 -1
904 905
906 -1
907 -1
-1 908
909 -1
-1 910
911 -1
-1 912
-1 -1
-1 913
-1 914
-1 915
-1 -1
-1 916
917 918
-1 -1
-1 -1
-1 -1
919 -1
920 921
-1 -1
922 -1
-1 923
-1 -1
-1 -1
-1 924
925 -1
-1 926
-1 -1
927 928
929 -1
-1 930
-1 931
-1 932
-1 -1
933 934
935 -1
936 -1
-1 937
938 939
940 -1
941 942
-1 -1
-1 943
-1 -1
-1 944
-1 -1
-1 -1
-1 -1
945 946
947 -1
948 949
950 951
-1 952
953 -1
954 955
956 957
958 -1
-1 959
-1 960
961 962
-1 963
964 965
-1 -1
966 -1
967 -1
-1 968
-1 -1
969 970
971 -1
972 -1
973 -1
-1 974
-1 975
976 977
-1 -1
978 979
980 981
982 -1
983 -1
-1 -1
984 -1
-1 -1
-1 985
986 987
988 989
-1 -1
-1 990
991 992
993 -1
994 995
996 -1
-1 -1
997 -1
-1 998
-1 -1
-1 -1
-1 -1
999 -1
1000 -1
-1 -1
-1 -1
-1 -1
-1 -1
-1 -1
-1 -1
-1 -1
-1 -1
-1 -1
-1 -1
-1 -1
-1 -1
-1 -1
-1 -1
-1 -1
-1 -1
-1 -1
-1 -1
-1 -1
-1 -1
-1 -1
-1 -1
-1 -1
-1 -1
91
54
35
4
18
41
56
30
47
4
20
53
62
60
48
4
11
24
62
57
20
60
19
43
13
63
29
29
32
57
44
61
31
41
22
10
16
17
60
20
52
8
53
17
52
15
58
29
34
48
8
17
55
55
55
31
43
60
56
36
12
25
44
27
7
11
19
4
10
32
31
19
42
44
19
12
18
24
34
55
25
31
2
49
57
45
5
7
59
14
4
63